# This file is called   force.dat
# Force-Deflection data for a beam and a bar
# Deflection    Col-Force       Beam-Force 1	260915	207550
1	2415	2084
2	2317	1997
3	2301	1954
4	2302	1954
5	2274	1954
6	2274	1949
7	2274	1935
8	2274	1935
9	2274	1935
10	2274	1935
11	2274	1934
12	2274	1934
13	2274	1934
14	2252	1934
15	2252	1932
16	2252	1932
17	2252	1932
18	2240	1932
19	2240	1925
20	2231	1925
21	2231	1925
22	2231	1925
23	2231	1925
24	2231	1925
25	2231	1925
26	2231	1925
27	2231	1925
28	2231	1925
29	2231	1925
30	2231	1924
31	2231	1924
32	2231	1924
33	2231	1923
34	2231	1923
35	2231	1923
36	2231	1923
37	2220	1923
38	2220	1923
39	2220	1923
40	2220	1923
41	2220	1923
42	2220	1923
43	2220	1923
44	2220	1923
45	2220	1923
46	2220	1923
47	2220	1923
48	2220	1923
49	2220	1923
50	2220	1923
51	2220	1923
52	2218	1923
53	2218	1923
54	2218	1923
55	2218	1911
56	2218	1907
57	2217	1907
58	2217	1907
59	2217	1907
60	2217	1907
61	2217	1907
62	2217	1907
63	2217	1907
64	2217	1907
65	2217	1907
66	2217	1907
67	2217	1907
68	2217	1907
69	2217	1907
70	2217	1907
71	2217	1907
72	2217	1907
73	2217	1907
74	2217	1904
75	2217	1904
76	2217	1904
77	2202	1904
78	2202	1904
79	2202	1904
80	2202	1904
81	2202	1904
82	2202	1904
83	2202	1904
84	2202	1904
85	2202	1904
86	2200	1904
87	2200	1904
88	2200	1904
89	2186	1904
90	2155	1904
91	2155	1904
92	2155	1904
93	2155	1904
94	2100	1904
95	2049	1904
96	2049	1904
97	2049	1904
98	2025	1904
99	2001	1904
100	2001	1904
101	2001	1904
102	1998	1904
103	1998	1904
104	1998	1904
105	1998	1904
106	1998	1904
107	1998	1904
108	1998	1904
109	1998	1888
110	1998	1888
111	1998	1888
112	1998	1888
113	1988	1888
114	1988	1888
115	1988	1888
116	1988	1888
117	1988	1888
118	1988	1888
119	1988	1888
120	1988	1888
121	1988	1888
122	1988	1888
123	1988	1888
124	1988	1888
125	1988	1888
126	1988	1888
127	1988	1888
128	1988	1888
129	1988	1888
130	1988	1888
131	1988	1888
132	1988	1888
133	1867	1888
134	1867	1888
135	1867	1888
136	1867	1888
137	1867	1888
138	1867	1888
139	1867	1888
140	1867	1888
141	1867	1888
142	1867	1888
143	1867	1888
144	1867	1888
145	1867	1888
146	1867	1888
147	1543	1888
148	1543	1888
149	1543	1888
150	1543	1888
151	1543	1888
152	1543	1888
153	1543	1888
154	1543	1888
155	1543	1888
156	1543	1888
157	1543	1888
158	1333	1888
159	1333	1888
160	1333	1888
161	1333	1888
162	1333	1888
163	1333	1888
164	1333	1888
165	1298	1888
166	1298	1888
167	1298	1888
168	1298	1888
169	1298	1888
170	1298	1888
171	1298	1888
172	1298	1888
173	1298	1888
174	1298	1888
175	1298	1888
176	1298	1888
177	1298	1888
178	1298	1888
179	1298	1888
180	1298	1888
181	1298	1888
182	1298	1888
183	1298	1888
184	1298	1888
185	1298	1888
186	1298	1888
187	1298	1888
188	1298	1888
189	1298	1888
190	1298	1888
191	1298	1888
192	1298	1888
193	1298	1888
194	1298	1888
195	1298	1510
196	1298	1510
197	1298	1510
198	1298	1510
199	1298	1510
200	1298	1510
201	1298	1510
202	1298	1510
203	1298	1510
204	1298	1510
205	1298	1510
206	1298	1510
207	1298	1510
208	1298	1510
209	1298	1510
210	1298	1510
211	1298	1510
212	1298	1510
213	1298	1510
214	1298	1510
215	1298	1510
216	1298	1510
217	1298	1510
218	1298	1510
219	1298	1510
220	1298	1510
221	1298	1510
222	1298	1510
223	1298	1510
224	1298	1510
225	1298	1510
226	1298	1510
227	1298	1510
228	1298	1510
229	1298	1510
230	1298	1510
231	1298	1510
232	1298	1510
233	1298	1510
234	1298	1510
235	1298	1101
236	1298	1101
237	1298	1101
238	1298	1094
239	1298	1094
240	1298	1094
241	1298	1094
242	1298	1094
243	1298	1094
244	1298	1094
245	1298	1094
246	1298	1094
247	1298	1094
248	1298	1094
249	1298	1094
250	1298	1094
251	1298	1094
252	1298	1094
253	1298	1094
254	1298	1094
255	1298	1094
256	1298	1094
257	1212	1094
258	1212	1094
259	1212	1094
260	1212	1094
261	1212	1094
262	1212	1094
263	1212	1094
264	1212	1094
265	1212	1094
266	1212	1094
267	1212	1094
268	1118	1094
269	1118	1094
270	1118	1094
271	1118	1094
272	1118	1094
273	1118	1094
274	1118	1094
275	1118	1094
276	1118	1094
277	1118	1094
278	1118	1094
279	1118	1094
280	1118	1094
281	1118	1094
282	1118	1094
283	1118	1094
284	1118	1094
285	1118	1094
286	1118	1094
287	1118	1094
288	1118	1094
289	1118	1094
290	1118	1094
291	1118	1094
292	1118	1094
293	1118	1094
294	1118	1094
295	1118	1094
296	1118	1094
297	1118	1094
298	1118	1094
299	1118	1094
300	1118	1094
301	1118	1094
302	1118	1094
303	1118	1094
304	1118	1094
305	1118	1094
306	1118	1094
307	1118	1094
308	1118	1094
309	1118	1094
310	1118	1094
311	1118	1094
312	1118	1094
313	1118	1094
314	1118	1094
315	1118	1094
316	1118	1094
317	1118	1094
318	1118	1094
319	1118	1094
320	1118	1094
321	1118	1094
322	1118	1094
323	1118	1094
324	1118	1094
325	1118	1094
326	1118	1094
327	1118	1094
328	1118	1094
329	1118	1094
330	1118	1094
331	1118	1094
332	1118	1094
333	1118	1094
334	1118	1094
335	1118	1094
336	1118	1094
337	1118	1094
338	1118	1094
339	1118	1094
340	1118	1094
341	1118	1094
342	1118	1094
343	1118	1094
344	1118	1094
345	1118	1094
346	1118	1094
347	1118	1094
348	1118	1094
349	1118	1094
350	1118	1094
351	1118	1094
352	1118	1094
353	1118	1094
354	1118	1094
355	1118	1094
356	1118	1094
357	1118	1094
358	1118	1094
359	1118	1094
360	1118	1094
361	1118	1094
362	1118	1094
363	1118	1094
364	1118	1094
365	1118	1094
366	1118	1094
367	1118	1094
368	1118	1094
369	1118	1094
370	1118	1094
371	1118	1094
372	1118	1094
373	1118	1094
374	1118	1094
375	1118	1094
376	1118	1094
377	1118	1094
378	1118	1094
379	1118	1094
380	1118	1094
381	1118	1094
382	1118	1094
383	1118	1094
384	1118	1094
385	1118	1094
386	1118	1094
387	1118	1094
388	1118	1094
389	1118	1094
390	1118	1094
391	1118	1094
392	1118	1094
393	1118	1094
394	1118	1094
395	1118	1094
396	1118	1094
397	1118	1094
398	1118	1094
399	1118	1094
400	1118	1094
401	1118	1094
402	1118	1094
403	1118	1094
404	1118	1094
405	1118	1094
406	1118	1094
407	1118	1094
408	1118	1094
409	1118	1094
410	1118	1094
411	1118	1094
412	1118	1094
413	1118	1094
414	1118	1094
415	1118	1094
416	1118	1094
417	1118	1094
418	1118	944
419	1118	944
420	1118	944
421	1118	944
422	1118	944
423	1118	944
424	1118	944
425	1118	944
426	1118	944
427	1118	944
428	1118	944
429	1118	944
430	1118	944
431	1118	944
432	1118	944
433	1118	944
434	1118	944
435	1118	944
436	1118	944
437	1118	944
438	1118	944
439	1118	944
440	1118	944
441	1118	944
442	1118	944
443	1118	944
444	1118	944
445	1118	944
446	1118	944
447	1118	944
448	1118	944
449	1118	944
450	1118	944
451	1118	944
452	1118	944
453	1118	944
454	1118	944
455	1118	944
456	1118	944
457	1118	944
458	1118	944
459	1118	944
460	1118	944
461	1118	944
462	1118	944
463	1118	944
464	1118	944
465	1118	944
466	1118	944
467	1118	944
468	1118	944
469	1118	944
470	1118	944
471	1118	944
472	1118	944
473	1118	944
474	1118	944
475	1118	944
476	1118	944
477	1118	944
478	1118	944
479	1118	944
480	1118	944
481	1118	944
482	1118	944
483	1118	944
484	1118	944
485	1118	944
486	1118	944
487	1118	944
488	1118	944
489	1118	944
490	1118	944
491	1118	944
492	1118	944
493	1118	944
494	1118	944
495	1118	944
496	1118	944
497	1118	944
498	1118	944
499	1118	944
500	1118	944
501	1118	944
502	1118	944
503	1118	944
504	1118	944
505	1118	944
506	1118	944
507	1118	944
508	1118	944
509	1118	944
510	1118	944
511	1118	944
512	1118	944
513	1118	944
514	1118	944
515	1118	944
516	1118	944
517	1118	944
518	1118	944
519	1118	944
520	1118	944
521	1118	944
522	1118	944
523	1118	944
524	1118	944
525	1118	944
526	1118	944
527	1118	944
528	1118	944
529	1118	944
530	1118	944
531	1118	944
532	1118	944
533	1118	944
534	1118	944
535	1118	944
536	1118	944
537	1118	944
538	1118	944
539	1118	944
540	1118	944
541	1118	944
542	1118	944
543	1118	944
544	1118	944
545	1118	944
546	1118	944
547	1118	944
548	1118	944
549	1118	944
550	1118	944
551	1118	944
552	1118	944
553	1118	944
554	1118	944
555	1118	944
556	1118	944
557	1118	944
558	1118	944
559	1118	944
560	1118	944
561	1118	944
562	1118	944
563	1118	944
564	1118	944
565	1118	944
566	1118	944